      config  seeds  mae_single  mae_single_sd  mae_ge103_single  tool_mae_single  ens_mae  ens_mae_ge103  ens_rmse  ens_zone_acc  ens_eol_recall  ens_tool_mae  ens_fold_std  ens_tool_bias_abs
   s2_sa_e45      2       20.11           0.75             26.64            17.60    19.82          26.36     29.20          70.7            51.1         17.23          6.77              12.50
   s2_sa_r34      2       20.87           0.26             28.70            18.67    20.61          28.47     30.58          71.6            51.1         18.61          7.61              12.33
s1_strongaug      2       21.17           0.70             29.08            18.76    20.66          28.68     30.42          71.3            53.2         18.34          6.63              13.40
s2_sa_regnet      2       21.23           0.40             27.92            19.05    20.85          27.51     31.33          73.3            53.2         18.86          7.96              15.11
  s2_sa_gray      2       21.30           0.82             28.62            18.74    21.05          28.40     30.73          71.9            51.1         18.54          6.52              14.35
     s1_gray      2       21.54           0.40             29.42            19.27    21.19          29.15     31.11          73.0            44.7         19.14          7.10              15.06
   s2_sa_reg      2       21.58           0.29             29.46            19.44    21.27          29.23     30.55          70.2            48.9         19.30          6.77              12.79
   s2_sa_r50      2       22.01           0.33             29.48            19.68    21.59          28.94     30.95          69.0            48.9         19.26          7.26              15.43
       s1_l1      2       22.02           0.08             30.10            20.12    21.68          29.84     31.89          71.3            48.9         19.99          5.82              16.56
 s1_instance      2       22.18           0.21             29.34            19.42    21.67          28.83     31.44          71.0            55.3         19.13          6.00              14.63
     s1_base      2       22.20           0.18             30.42            20.29    21.90          30.18     30.87          69.0            51.1         20.05          5.70              16.83
      s1_ref      1       23.54           0.00             32.39            22.38    23.54          32.39     33.32          73.0            53.2         22.38          8.81              18.29
  s1_crop224      2       24.54           0.17             32.39            22.29    23.99          31.83     33.78          69.9            51.1         21.83          8.40              16.79
  s1_crop288      2       24.74           0.25             33.67            22.72    24.38          33.55     34.29          69.9            53.2         22.54          7.04              18.16
18:54:55 DONE
